0080 0080 0080 0080 0080 0080 0080 0080 0080 0080 0080 0080 0080 0080 0080 0080 0080 0080 0080 0080 0080 0080 0080 0080 0080 0080 0080 0080 0080 0080 0080 0080 0080 0080 0080 0080 0080 0080 0080 0080 0080 0080 0080 0080 0080 0080 0080 0080 0080 0080 
0080 0080 0080 0080 0080 0080 0080 0080 0080 0080 0080 0080 0080 0080 0080 0080 0080 0080 0080 0080 0080 0080 0080 0080 0080 0080 0080 0080 0080 0080 0080 0080 0080 0080 0080 0080 0080 0080 0080 0080 0080 0080 0080 0080 0080 0080 0080 0080 0080 0080 
0530 0530 0530 0530 0530 0530 0530 0530 0530 0530 0530 0530 0530 0530 0530 0530 0530 0530 0530 0530 0530 0530 0530 0530 0530 0530 0530 0530 0530 0530 0530 0530 0530 0530 0530 0530 0530 0530 0530 0530 0530 0530 0530 0530 0530 0530 0530 0530 0530 0530 
0080 0080 0080 0080 0080 0080 0080 0080 0080 0080 0080 0080 0080 0080 0080 0080 0080 0080 0080 0080 0080 0080 0080 0080 0080 0080 0080 0080 0080 0080 0080 0080 0080 0080 0080 0080 0080 0080 0080 0080 0080 0080 0080 0080 0080 0080 0080 0080 0080 0080 
0080 0080 0080 0080 0080 0080 0080 0080 0080 0080 0080 0080 0080 0080 0080 0080 0080 0080 0080 0080 0080 0080 0080 0779 0779 0779 0080 0080 0080 0080 0080 0080 0080 0080 0080 0080 0080 0080 0080 0080 0080 0080 0080 0080 0080 0080 0080 0080 0080 0080 
0080 0080 0080 0080 0080 0080 0080 0080 0080 0080 0080 0080 0080 0080 0080 0080 0080 0080 0080 0080 0080 0080 0080 0779 0779 0779 0080 0080 0080 0080 0080 0080 0080 0080 0080 0080 0080 0080 0080 0080 0080 0080 0080 0080 0080 0080 0080 0080 0080 0080 
0080 0080 0080 0080 0080 0080 0080 0080 0080 0080 0080 0080 0080 0080 0080 0080 0080 0080 0080 0080 0080 0080 0080 0080 0080 0080 0080 0080 0080 0080 0080 0080 0080 0080 0080 0080 0080 0080 0080 0080 0080 0080 0080 0080 0080 0080 0080 0080 0080 0080 
0080 0080 0080 0080 0080 0080 0080 0080 0080 0080 0080 0080 0080 0080 0080 0080 0080 0080 0080 0080 0080 0080 0080 0080 0080 0080 0080 0080 0080 0080 0080 0080 0080 0080 0080 0080 0080 0080 0080 0080 0080 0080 0080 0080 0080 0080 0080 0080 0080 0080 
0080 0080 0080 0080 0080 0080 0080 0080 0080 0080 0080 0080 0080 0080 0080 0080 0080 0080 0080 0080 0080 0080 0080 0080 0080 0080 0080 0080 0080 0080 0080 0080 0080 0080 0080 0080 0080 0080 0080 0080 0080 0080 0080 0080 0080 0080 0080 0080 0080 0080 
0080 0080 0080 0080 0080 0080 0080 0080 0080 0080 0080 0080 0080 0080 0080 0080 0080 0080 0080 0080 0080 0080 0080 0080 0080 0080 0080 0080 0080 0080 0080 0080 0080 0080 0080 0080 0080 0080 0080 0080 0080 0080 0080 0080 0080 0080 0080 0080 0080 0080 
0080 0080 0080 0080 0080 0080 0080 0080 0080 0080 0080 0080 0080 0080 0080 0080 0080 0080 0080 0080 0080 0080 0080 0080 0080 0080 0080 0080 0080 0080 0080 0080 0080 0080 0080 0080 0080 0080 0080 0080 0080 0080 0080 0080 0080 0080 0080 0080 0080 0080 
0080 0080 0080 0080 0080 0080 0080 0080 0080 0080 0080 0080 0080 0080 0080 0080 0080 0080 0080 0080 0080 0080 0080 0080 0080 0080 0080 0080 0080 0080 0080 0080 0080 0080 0080 0080 0080 0080 0080 0080 0080 0080 0080 0080 0080 0080 0080 0080 0080 0080 
0080 0080 0080 0080 0080 0080 0080 0080 0080 0080 0080 0080 0080 0080 0080 0080 0080 0080 0080 0080 0080 0080 0080 0080 0080 0080 0080 0080 0080 0080 0080 0080 0080 0080 0080 0080 0080 0080 0080 0080 0080 0080 0080 0080 0080 0080 0080 0080 0080 0080 
0080 0080 0080 0080 0080 0080 0080 0080 0080 0080 0080 0080 0080 0080 0080 0080 0080 0080 0080 0080 0080 0080 0080 0080 0080 0080 0080 0080 0080 0080 0080 0080 0080 0080 0080 0080 0080 0080 0080 0080 0080 0080 0080 0080 0080 0080 0080 0080 0080 0080 
0080 0080 0080 0080 0080 0080 0080 0080 0080 0080 0080 0080 0080 0080 0080 0080 0080 0080 0080 0080 0080 0080 0080 0080 0080 0080 0080 0080 0080 0080 0080 0080 0080 0080 0080 0080 0080 0080 0080 0080 0080 0080 0080 0080 0080 0080 0080 0080 0080 0080 
0080 0080 0080 0080 0080 0080 0080 0080 0080 0080 0080 0080 0080 0080 0080 0080 0080 0080 0080 0080 0080 0080 0080 0080 0080 0080 0080 0080 0080 0080 0080 0080 0080 0080 0080 0080 0080 0080 0080 0080 0080 0080 0080 0080 0080 0080 0080 0080 0080 0080 
0080 0080 0080 0080 0080 0080 0080 0080 0080 0080 0080 0080 0080 0080 0080 0080 0080 0080 0080 0080 0080 0080 0080 0080 0080 0080 0080 0080 0080 0080 0080 0080 0080 0080 0080 0080 0080 0080 0080 0080 0080 0080 0080 0080 0080 0080 0080 0080 0080 0080 
0080 0080 0080 0080 0080 0080 0080 0080 0080 0080 0080 0080 0080 0080 0080 0080 0080 0080 0080 0080 0080 0080 0080 0080 0080 0080 0080 0080 0080 0080 0080 0080 0080 0080 0080 0080 0080 0080 0080 0080 0080 0080 0080 0080 0080 0080 0080 0080 0080 0080 
0080 0080 0080 0080 0080 0080 0080 0080 0080 0080 0080 0080 0080 0080 0080 0080 0080 0080 0080 0080 0080 0080 0080 0080 0080 0080 0080 0080 0080 0080 0080 0080 0080 0080 0080 0080 0080 0080 0080 0080 0080 0080 0080 0080 0080 0080 0080 0080 0080 0080 
0080 0080 0080 0080 0080 0080 0080 0080 0080 0080 0080 0080 0080 0080 0080 0080 0080 0080 0080 0080 0080 0080 0080 0080 0080 0080 0080 0080 0080 0080 0080 0080 0080 0080 0080 0080 0080 0080 0080 0080 0080 0080 0080 0080 0080 0080 0080 0080 0080 0080 
0080 0080 0080 0080 0080 0080 0080 0080 0080 0080 0080 0080 0080 0080 0080 0080 0080 0080 0080 0080 0080 0080 0080 0080 0080 0080 0080 0080 0080 0080 0080 0080 0080 0080 0080 0080 0080 0080 0080 0080 0080 0080 0080 0080 0080 0080 0080 0080 0080 0080 
0080 0080 0080 0080 0080 0080 0080 0080 0080 0080 0080 0080 0080 0080 0080 0080 0080 0080 0080 0080 0080 0080 0080 0080 0080 0080 0080 0080 0080 0080 0080 0080 0080 0080 0080 0080 0080 0080 0080 0080 0080 0080 0080 0080 0080 0080 0080 0080 0080 0080 
0080 0080 0080 0080 0080 0080 0080 0080 0080 0080 0080 0080 0080 0080 0080 0080 0080 0080 0080 0080 0080 0080 0080 0080 0080 0080 0080 0080 0080 0080 0080 0080 0080 0080 0080 0080 0080 0080 0080 0080 0080 0080 0080 0080 0080 0080 0080 0080 0080 0080 
0080 0080 0080 0080 0080 0080 0080 0080 0080 0080 0080 0080 0080 0080 0080 0080 0080 0080 0080 0080 0080 0080 0080 0080 0080 0080 0080 0080 0080 0080 0080 0080 0080 0080 0080 0080 0080 0080 0080 0080 0080 0080 0080 0080 0080 0080 0080 0080 0080 0080 
0080 0080 0080 0080 0080 0080 0080 0080 0080 0080 0080 0080 0080 0080 0080 0080 0080 0080 0080 0080 0080 0080 0080 0080 0080 0080 0080 0080 0080 0080 0080 0080 0080 0080 0080 0080 0080 0080 0080 0080 0080 0080 0080 0080 0080 0080 0080 0080 0080 0080 
0080 0080 0080 0080 0080 0080 0080 0080 0080 0080 0080 0080 0080 0080 0080 0080 0080 0080 0080 0080 0080 0080 0080 0080 0080 0080 0080 0080 0080 0080 0080 0080 0080 0080 0080 0080 0080 0080 0080 0080 0080 0080 0080 0080 0080 0080 0080 0080 0080 0080 
0080 0080 0080 0080 0080 0080 0080 0080 0080 0080 0080 0080 0080 0080 0080 0080 0080 0080 0080 0080 0080 0080 0080 0080 0080 0080 0080 0080 0080 0080 0080 0080 0080 0080 0080 0080 0080 0080 0080 0080 0080 0080 0080 0080 0080 0080 0080 0080 0080 0080 
0080 0080 0080 0080 0080 0080 0080 0080 0080 0080 0080 0080 0080 0080 0080 0080 0080 0080 0080 0080 0080 0080 0080 0080 0080 0080 0080 0080 0080 0080 0080 0080 0080 0080 0080 0080 0080 0080 0080 0080 0080 0080 0080 0080 0080 0080 0080 0080 0080 0080 
