000 000 000 000 000 000 000 000 000 000 000 000 000 000 000 000 000 000 000 000 000 000 000 000 000 
000 000 000 000 000 000 000 000 000 000 000 000 000 000 000 000 000 000 000 000 000 000 000 000 000 
000 000 000 000 000 000 000 000 000 000 000 000 000 000 000 000 000 000 000 000 000 000 000 000 000 
000 000 000 000 000 000 000 000 018 000 018 000 000 000 000 000 000 000 000 000 000 000 000 000 000 
000 000 000 000 000 000 000 000 026 000 026 000 000 000 000 000 000 000 000 000 000 000 000 000 000 
000 000 000 000 000 000 000 000 026 000 026 000 000 000 000 000 000 000 000 000 000 000 000 000 000 
000 000 000 000 000 000 000 000 026 000 026 000 000 000 000 000 000 000 000 000 000 000 000 000 000 
000 000 000 000 000 000 000 000 026 000 026 000 000 000 000 000 000 000 000 000 000 000 000 000 000 
000 000 000 000 000 000 000 000 026 000 026 000 000 000 000 000 000 000 000 000 000 000 000 000 000 
000 000 000 000 000 000 000 000 026 000 026 000 000 000 000 000 000 000 000 000 000 000 000 000 000 
000 000 000 000 000 000 000 000 026 027 028 000 000 000 000 000 000 000 000 000 000 000 000 000 000 
000 000 000 000 000 000 000 000 000 000 000 000 000 000 000 000 000 000 000 000 000 000 000 000 000 
000 000 000 000 000 000 000 000 000 000 000 000 000 000 000 000 000 000 000 000 000 000 000 000 000 
000 000 000 000 000 000 000 000 000 000 000 000 000 000 000 000 000 000 000 000 000 000 000 000 000 